1 -0.25 -0.125 0.015625
2 -1.25 -0.75 0.5625
3 -2 1 1
4 -1.25 -0.75 0.5625
5 -1.25 -0.75 0.5625
6 -0.25 0.25 0.0625
7 -1.5 0.875 0.765625
8 -0.75 0.625 0.390625
9 -0 0.25 0.0625
10 -0.75 -0.625 0.390625
11 -2 -1 1
12 -1.5 0.875 0.765625
13 -1 0.75 0.5625
14 -1 -0.75 0.5625
15 -0.75 0.5 0.25
16 -1 0.625 0.390625
17 -0.5 0 0
18 -1.5 0.875 0.765625
19 -1 0.625 0.390625
20 -0.75 -0.25 0.0625
21 -0.75 -0.375 0.140625
22 -2 -1 1
23 -0.25 -0.375 0.140625
24 -1.5 -0.875 0.765625
25 -1.5 -0.875 0.765625
26 -1 -0.625 0.390625
27 -0.5 -0.25 0.0625
28 -0.75 -0.375 0.140625
29 -2 1 1
30 -1.25 -0.75 0.5625
31 -2 1 1
32 -0.25 -0.375 0.140625
33 -1 -0.625 0.390625
34 -0.75 0.375 0.140625
35 -2 -1 1
36 -0.75 0.625 0.390625
37 -2 1 1
38 -0.5 -0.125 0.015625
39 -1.25 -0.75 0.5625
40 -2 1 1
41 -2 -1 1
42 -0.75 0.5 0.25
43 -0 0 0
44 -1.5 0.875 0.765625
45 -0.25 0.375 0.140625
46 -1 -0.5 0.25
47 -1.5 -0.875 0.765625
48 -0 -0.375 0.140625
49 -1.5 0.875 0.765625
50 -0.25 -0.125 0.015625
51 -0.5 0.5 0.25
52 -0.5 -0.125 0.015625
53 -1.5 0.875 0.765625
54 -0.75 -0.375 0.140625
55 -0.25 0 0
56 -1.25 0.75 0.5625
57 -1.5 -0.875 0.765625
58 -1 -0.75 0.5625
59 -0.75 0.25 0.0625
60 -0.25 -0.375 0.140625
61 -0.5 0.5 0.25
62 -1.5 -0.875 0.765625
63 -1 -0.75 0.5625
64 -0.75 0.625 0.390625
65 -1.5 0.875 0.765625
66 -1.5 -0.875 0.765625
67 -1 -0.75 0.5625
68 -1.5 0.875 0.765625
69 -1 -0.625 0.390625
70 -1.25 -0.75 0.5625
71 -0.75 -0.25 0.0625
72 -1.25 0.75 0.5625
73 -1.25 0.75 0.5625
74 0.25 0.25 0.0625
75 -0.25 0.375 0.140625
76 -1.5 -0.875 0.765625
77 -0 0 0
78 -0.5 0.5 0.25
79 -2 -1 1
80 -1.5 -0.875 0.765625
81 -1.25 -0.75 0.5625
82 -0.5 -0.5 0.25
83 -0.25 -0.125 0.015625
84 -2 -1 1
85 -1.5 -0.875 0.765625
86 -1.25 -0.75 0.5625
87 -1.25 -0.75 0.5625
88 -0.25 -0.25 0.0625
89 -0.25 -0.375 0.140625
90 -0.25 0.25 0.0625
91 -1.5 -0.875 0.765625
92 -0.5 0.125 0.015625
93 -0.5 0.25 0.0625
94 -0.75 -0.125 0.015625
95 -0.5 -0.375 0.140625
96 -1.5 0.875 0.765625
97 -1 0.75 0.5625
98 -1 -0.75 0.5625
99 -1 -0.625 0.390625
100 -0.75 0.5 0.25
101 -0.75 0.5 0.25
102 -1.5 0.875 0.765625
103 -2 -1 1
104 -1.5 0.875 0.765625
105 -0.5 0.375 0.140625
106 -1 0.75 0.5625
107 -1.25 0.75 0.5625
108 -2 -1 1
109 -2 -1 1
110 -2 1 1
111 -1 -0.75 0.5625
112 -0.75 0.625 0.390625
113 -1.5 -0.875 0.765625
114 -1.5 -0.875 0.765625
115 -0.5 -0.125 0.015625
116 -0 0.25 0.0625
117 -0.75 -0.625 0.390625
118 -1.25 0.75 0.5625
119 -1 0.625 0.390625
120 -0.25 -0.25 0.0625
121 -1.5 -0.875 0.765625
122 -2 1 1
123 -0.75 0.375 0.140625
124 -2 1 1
125 -0.25 0 0
126 -0.75 0.625 0.390625
127 -2 1 1
128 -0.25 0.125 0.015625
129 -0.25 -0.375 0.140625
130 -1 -0.625 0.390625
131 -0 0 0
132 -1.25 -0.75 0.5625
133 -1.25 -0.75 0.5625
134 -0.5 0.25 0.0625
135 -0 0.25 0.0625
136 -2 1 1
137 -0.75 0.125 0.015625
138 -0.5 -0.375 0.140625
139 -1 -0.75 0.5625
140 -1 0.75 0.5625
141 -0.75 0.5 0.25
142 -2 1 1
143 -2 -1 1
144 -1 0.625 0.390625
145 -2 1 1
146 -1.5 -0.875 0.765625
147 -2 -1 1
148 -1.25 -0.75 0.5625
149 -0.5 0.5 0.25
150 -0.75 -0.125 0.015625
151 -0.75 0.625 0.390625
152 -1 0.625 0.390625
153 -2 1 1
154 -0.25 -0.375 0.140625
155 -0.5 -0.5 0.25
156 -0.75 0.625 0.390625
157 -2 -1 1
158 -1 0 0
159 -0.25 -0.375 0.140625
160 -0.5 0 0
161 -1.5 -0.875 0.765625
162 -1 -0.75 0.5625
163 -0.75 0.5 0.25
164 -0.75 -0.5 0.25
165 -1 -0.625 0.390625
166 -2 -1 1
167 -0.25 0.375 0.140625
168 -0.5 0.125 0.015625
169 -1.25 -0.75 0.5625
170 -0.5 0.125 0.015625
171 -0.5 -0.25 0.0625
172 -0.5 0.375 0.140625
173 -0.5 -0.375 0.140625
174 -1 0.625 0.390625
175 -0.5 -0.25 0.0625
176 -0.75 0.625 0.390625
177 -2 -1 1
178 -1 -0.75 0.5625
179 -0.5 0 0
180 -0.5 -0.5 0.25
181 -0.5 -0.25 0.0625
182 -0.25 0.25 0.0625
183 -0.75 0.375 0.140625
184 -1 -0.625 0.390625
185 -2 1 1
186 -1.25 -0.75 0.5625
187 -1 0.75 0.5625
188 -0.75 -0.375 0.140625
189 -2 -1 1
190 -0.5 -0.625 0.390625
191 -0.75 -0.125 0.015625
192 -1 0.75 0.5625
193 -1 -0.625 0.390625
194 -1.5 -0.875 0.765625
195 -0.75 0.375 0.140625
196 -1.25 -0.75 0.5625
197 -1.5 -0.875 0.765625
198 -2 -1 1
199 -1.5 -0.875 0.765625
200 -1.25 -0.75 0.5625
201 -1 0.625 0.390625
202 -1.25 0.75 0.5625
203 -1 0.75 0.5625
204 -0.75 0.625 0.390625
205 -1.5 -0.875 0.765625
206 -0.5 -0.125 0.015625
207 -1.25 0.75 0.5625
208 -1.25 -0.75 0.5625
209 -1 -0.625 0.390625
210 -0.75 -0.5 0.25
211 -0.75 -0.5 0.25
212 -1.25 0.75 0.5625
213 -2 -1 1
214 -1 -0.75 0.5625
215 -1.25 0.75 0.5625
216 -0.75 -0.5 0.25
217 -2 -1 1
218 -1 -0.75 0.5625
219 -0.25 0.5 0.25
220 0.25 -0.125 0.015625
221 -1.25 -0.75 0.5625
222 -1.5 0.875 0.765625
223 -1.5 -0.875 0.765625
224 -1.5 -0.875 0.765625
225 -0.5 0.375 0.140625
226 -1.5 0.875 0.765625
227 -0.75 0.5 0.25
228 -1.25 0.75 0.5625
229 -1.5 0.875 0.765625
230 -2 -1 1
231 -1 0.625 0.390625
232 -1.5 0.875 0.765625
233 -1.5 0.875 0.765625
234 -2 -1 1
235 -0.75 -0.625 0.390625
236 0.25 0.125 0.015625
237 -1 0.75 0.5625
238 -2 1 1
239 -0.25 -0.125 0.015625
240 -1.5 0.875 0.765625
241 -1.5 0.875 0.765625
242 -2 1 1
243 -1 -0.75 0.5625
244 -0.75 -0.625 0.390625
245 -0.5 0.375 0.140625
246 -1 -0.625 0.390625
247 -1 -0.75 0.5625
248 -1.5 -0.875 0.765625
249 -0.5 -0.375 0.140625
250 -0.5 0.25 0.0625
251 -0.25 -0.25 0.0625
252 -1.5 -0.875 0.765625
253 -0.75 -0.375 0.140625
254 -0.75 -0.5 0.25
255 -1.5 -0.875 0.765625
256 -0.75 -0.125 0.015625
257 -0.25 0.375 0.140625
258 -0.25 -0.125 0.015625
259 -1.25 0.75 0.5625
260 -1 0.75 0.5625
261 -0.75 -0.375 0.140625
262 -0.75 -0.625 0.390625
263 -0.5 0 0
264 -0 0.125 0.015625
265 -0.5 -0.5 0.25
266 -0.5 0.25 0.0625
267 -1.5 -0.875 0.765625
268 -0.5 0.25 0.0625
269 -1 0.75 0.5625
270 -1.5 0.875 0.765625
271 -0 -0.125 0.015625
272 -1.25 -0.75 0.5625
273 -1.25 -0.75 0.5625
274 0.25 0 0
275 -1.5 0.875 0.765625
276 -1 -0.5 0.25
277 -0.5 -0.375 0.140625
278 -0.25 0.375 0.140625
279 -1 -0.625 0.390625
280 -0.5 -0.625 0.390625
281 -0.25 -0.125 0.015625
282 -1 0.625 0.390625
283 -1.5 -0.875 0.765625
284 -2 1 1
285 -1.5 0.875 0.765625
286 -1.25 0.75 0.5625
287 -0.5 0 0
288 -2 -1 1
289 -1 -0.625 0.390625
290 -0.25 -0.125 0.015625
291 -0.75 0.375 0.140625
292 -0.5 0.5 0.25
293 -1.5 -0.875 0.765625
294 -1.5 0.875 0.765625
295 -1 -0.75 0.5625
296 -1.5 -0.875 0.765625
297 -0.5 0.125 0.015625
298 -2 1 1
299 -1.5 -0.875 0.765625
300 -0.75 0.5 0.25
301 -1.25 -0.75 0.5625
302 -0.25 -0.125 0.015625
303 -0.5 0.375 0.140625
304 -0.25 0.125 0.015625
305 -0.75 0.625 0.390625
306 -2 1 1
307 -1 0.625 0.390625
308 -0.75 0.375 0.140625
309 -0.5 0 0
310 -1 -0.5 0.25
311 -0.75 -0.625 0.390625
312 -1 0.75 0.5625
313 -0.5 -0.125 0.015625
314 -2 -1 1
315 -0.75 -0.5 0.25
316 -0.75 0.125 0.015625
317 -1 -0.625 0.390625
318 -2 1 1
319 -0.5 0.5 0.25
320 -0.25 -0.375 0.140625
321 -1.25 -0.75 0.5625
322 -1.25 -0.75 0.5625
323 -0.25 0 0
324 -1.25 0.75 0.5625
325 -1.5 -0.875 0.765625
326 -2 1 1
327 -0.25 -0.375 0.140625
328 -2 1 1
329 -0.5 -0.25 0.0625
330 -1 0.625 0.390625
331 -0.75 0.5 0.25
332 -0.5 0 0
333 -0.25 -0.25 0.0625
334 -1 -0.75 0.5625
335 -2 -1 1
336 -2 1 1
337 -2 -1 1
338 -1.5 0.875 0.765625
339 -1 0.625 0.390625
340 -1.5 -0.875 0.765625
341 -1 0.625 0.390625
342 -0.75 0.5 0.25
343 -1 0 0
344 -0.25 -0.25 0.0625
345 -0.5 0.375 0.140625
346 -1.25 -0.75 0.5625
347 -0.5 0 0
348 -1.25 -0.75 0.5625
349 -1 -0.75 0.5625
350 -0.75 0.625 0.390625
351 -1 0.75 0.5625
352 -1.5 0.875 0.765625
353 -1.5 0.875 0.765625
354 -0 0.25 0.0625
355 -2 1 1
356 -1 -0.75 0.5625
357 -0 -0.25 0.0625
358 -0.75 0.25 0.0625
359 -1.5 -0.875 0.765625
360 -1.25 -0.75 0.5625
361 -1 0.625 0.390625
362 -0.75 0.5 0.25
363 -0.5 -0.375 0.140625
364 -0.5 0.25 0.0625
365 -1 0.75 0.5625
366 -2 1 1
367 -2 -1 1
368 -1.5 -0.875 0.765625
369 -0.75 0.5 0.25
370 -1.5 0.875 0.765625
371 -2 1 1
372 -0.75 0.625 0.390625
373 -1.5 -0.875 0.765625
374 -0.5 -0.375 0.140625
375 -1 0.625 0.390625
376 -2 -1 1
377 -1.5 -0.875 0.765625
378 -1 -0.625 0.390625
379 -0 0.125 0.015625
380 -2 -1 1
381 -1 -0.625 0.390625
382 -1.25 0.75 0.5625
383 -0.25 0 0
384 -1.5 0.875 0.765625
385 -2 1 1
386 -0.25 0.125 0.015625
387 -0.75 0.5 0.25
388 -1.5 0.875 0.765625
389 -1.5 0.875 0.765625
390 -1 0.75 0.5625
391 -0.75 -0.5 0.25
392 -1.5 -0.875 0.765625
393 -0.5 -0.125 0.015625
394 -2 -1 1
395 -1.5 -0.875 0.765625
396 -0.5 -0.125 0.015625
397 -1.25 -0.75 0.5625
398 -0.75 0.375 0.140625
399 -0.5 0.25 0.0625
400 -2 -1 1
401 -0 0 0
402 -0.75 0.375 0.140625
403 -0.25 0 0
404 -1.25 -0.75 0.5625
405 -1.5 -0.875 0.765625
406 -0.25 0.25 0.0625
407 -0.5 0.375 0.140625
408 -0.25 -0.125 0.015625
409 -1.5 -0.875 0.765625
410 -0.75 0.625 0.390625
411 -0.75 -0.375 0.140625
412 -0.5 -0.5 0.25
413 -0.75 -0.625 0.390625
414 -1 -0.625 0.390625
415 -0.75 -0.375 0.140625
416 -2 1 1
417 -0.5 -0.125 0.015625
418 -0.5 -0.25 0.0625
419 -0 0.125 0.015625
420 0.5 0.125 0.015625
421 -1.25 -0.75 0.5625
422 -0.25 0.375 0.140625
423 -2 1 1
424 -1 -0.625 0.390625
425 -0.25 0.25 0.0625
426 -0.75 0.625 0.390625
427 -0 0.125 0.015625
428 -1.5 0.875 0.765625
429 -0.5 0.125 0.015625
430 -0.75 -0.375 0.140625
431 -1.5 -0.875 0.765625
432 -0.5 -0.625 0.390625
433 -0.5 -0.5 0.25
434 -1 -0.625 0.390625
435 -1.5 -0.875 0.765625
436 -1 -0.5 0.25
437 -1.5 0.875 0.765625
438 -0.5 0.5 0.25
439 -0.25 -0.375 0.140625
440 -2 1 1
441 -1.5 -0.875 0.765625
442 -0.25 -0.125 0.015625
443 -1 0.625 0.390625
444 -2 1 1
445 -0.75 0.125 0.015625
446 -2 -1 1
447 -2 -1 1
448 -0.75 0.625 0.390625
449 -0.5 0.5 0.25
450 -2 -1 1
451 -1.5 -0.875 0.765625
452 -0.25 -0.125 0.015625
453 -0.5 0.125 0.015625
454 -2 1 1
455 -1.5 0.875 0.765625
456 -1.5 -0.875 0.765625
457 -0.5 0.5 0.25
458 -2 -1 1
459 -1.5 -0.875 0.765625
460 -1.25 -0.75 0.5625
461 -1 0 0
462 -0.5 0.5 0.25
463 -1.5 0.875 0.765625
464 -2 -1 1
465 -2 -1 1
466 -0.25 0.125 0.015625
467 -1.25 0.75 0.5625
468 -0.25 -0.25 0.0625
469 -2 1 1
470 -1.5 -0.875 0.765625
471 -1 0.75 0.5625
472 -1.5 0.875 0.765625
473 -1 0.625 0.390625
474 -0.25 -0.5 0.25
475 -0.75 0.375 0.140625
476 -2 -1 1
477 -0.5 0.125 0.015625
478 -1.25 0.75 0.5625
479 -1 0.5 0.25
480 -0.75 0.625 0.390625
481 -1.5 0.875 0.765625
482 -0.75 -0.375 0.140625
483 -1.25 0.75 0.5625
484 -0.25 0.25 0.0625
485 -1.25 -0.75 0.5625
486 -1 -0.75 0.5625
487 -1.5 -0.875 0.765625
488 -0.75 0.625 0.390625
489 -1 0.75 0.5625
490 -0.25 0.375 0.140625
491 -0.75 0.25 0.0625
492 -2 1 1
493 -1.25 0.75 0.5625
494 -0.25 -0.25 0.0625
495 -0.5 -0.5 0.25
496 -1.25 -0.75 0.5625
497 -0.75 0.375 0.140625
498 -2 -1 1
499 -0.5 -0.25 0.0625
500 -0.5 -0.125 0.015625
501 -1.5 -0.875 0.765625
502 -0.75 -0.25 0.0625
503 -0 0.125 0.015625
504 -1 0.625 0.390625
505 -2 1 1
506 -1.5 -0.875 0.765625
507 -0.5 0.5 0.25
508 -0.5 0.375 0.140625
509 -0.5 0.25 0.0625
510 -0.25 0.5 0.25
511 -1.25 0.75 0.5625
512 -0.75 0.5 0.25
513 -1.25 0.75 0.5625
514 -2 1 1
515 -0.5 0 0
516 -0 0 0
517 -1.5 0.875 0.765625
518 -0.75 0.5 0.25
519 -2 1 1
520 -2 -1 1
521 -1.5 -0.875 0.765625
522 -0.5 0.125 0.015625
523 -2 1 1
524 -0.75 0.5 0.25
525 -2 1 1
526 -0 -0.375 0.140625
527 -0.75 0.375 0.140625
528 -0.75 -0.125 0.015625
529 -0.75 -0.5 0.25
530 -1.5 -0.875 0.765625
531 -2 -1 1
532 -0.75 -0.625 0.390625
533 -0.75 -0.5 0.25
534 -1.5 -0.875 0.765625
535 -0.75 -0.125 0.015625
536 -2 -1 1
537 -1 0.625 0.390625
538 -2 1 1
539 -1.5 0.875 0.765625
540 -1 -0.625 0.390625
541 -1 -0.75 0.5625
542 -0.5 0.375 0.140625
543 -0.5 0.25 0.0625
544 -2 1 1
545 -2 1 1
546 -0.75 0.25 0.0625
547 -0.75 0.625 0.390625
548 -0.5 -0.25 0.0625
549 -0.25 0.125 0.015625
550 -1.5 0.875 0.765625
551 -0 -0.125 0.015625
552 -0.5 -0.375 0.140625
553 -0.5 0.5 0.25
554 -0.5 0 0
555 -1 0.75 0.5625
556 -2 1 1
557 -2 -1 1
558 -0.75 0.5 0.25
559 -0.25 0.375 0.140625
560 -1 -0.625 0.390625
561 -0.5 -0.25 0.0625
562 -0.75 -0.25 0.0625
563 -1.25 0.75 0.5625
564 -0.5 -0.375 0.140625
565 -2 -1 1
566 -1.5 -0.875 0.765625
567 -2 1 1
568 -2 -1 1
569 -2 1 1
570 -1 0.75 0.5625
571 -1 -0.75 0.5625
572 -1.5 -0.875 0.765625
573 -0.5 0.125 0.015625
574 -1 0.625 0.390625
575 -0.25 0 0
576 -1 0.625 0.390625
577 -0.5 0 0
578 -1.5 0.875 0.765625
579 -1 -0.75 0.5625
580 -0.5 0 0
581 -1.5 -0.875 0.765625
582 -0 -0.125 0.015625
583 -0.5 0.125 0.015625
584 -2 1 1
585 -1.5 0.875 0.765625
586 -1.5 0.875 0.765625
587 -1 0.625 0.390625
588 -0.25 0.375 0.140625
589 0.25 -0.125 0.015625
590 -0.75 0.625 0.390625
591 -1.25 0.75 0.5625
592 -0.5 0.375 0.140625
593 -1.5 0.875 0.765625
594 -1.25 -0.75 0.5625
595 -0.75 0.375 0.140625
596 -2 -1 1
597 -2 -1 1
598 -1.5 0.875 0.765625
599 -0.5 -0.25 0.0625
600 -2 -1 1
601 -0.5 0.375 0.140625
602 -1.25 -0.75 0.5625
603 -2 1 1
604 -1.5 -0.875 0.765625
605 -0.5 -0.5 0.25
606 -0.5 0.5 0.25
607 -0.75 -0.125 0.015625
608 -1.25 0.75 0.5625
609 -0.5 0.125 0.015625
610 -0.75 0.625 0.390625
611 -0.5 0.25 0.0625
612 -0.5 0 0
613 -1.5 0.875 0.765625
614 -0 0 0
615 -0.75 0.5 0.25
616 -1 -0.625 0.390625
617 -0.5 -0.375 0.140625
618 -1 0.5 0.25
619 -0.5 -0.25 0.0625
620 -2 -1 1
621 -1 0.75 0.5625
622 -0.75 0.5 0.25
623 -2 -1 1
624 -1.25 -0.75 0.5625
625 -1.5 -0.875 0.765625
626 -1 0.625 0.390625
627 -0.75 0.625 0.390625
628 -2 -1 1
629 -1.25 0.75 0.5625
630 -0.25 -0.5 0.25
631 -0.5 0 0
632 -0.75 -0.375 0.140625
633 -1.5 -0.875 0.765625
634 -1.5 0.875 0.765625
635 -0.5 -0.5 0.25
636 -1 -0.75 0.5625
637 -0.25 0 0
638 -1 -0.625 0.390625
639 -1.5 0.875 0.765625
640 -1.5 -0.875 0.765625
641 -1.5 0.875 0.765625
642 -0.25 -0.125 0.015625
643 -1.25 -0.75 0.5625
644 -1 -0.625 0.390625
645 -1 0.625 0.390625
646 -1 0.75 0.5625
647 -0.5 -0.125 0.015625
648 -2 1 1
649 -1.5 -0.875 0.765625
650 -2 1 1
651 -1.5 -0.875 0.765625
652 -0.5 -0.375 0.140625
653 -1.5 0.875 0.765625
654 -1.25 0.75 0.5625
655 -1.25 0.75 0.5625
656 -2 -1 1
657 -1.25 0.75 0.5625
658 -2 1 1
659 -0.5 -0.5 0.25
660 -0.25 -0.125 0.015625
661 -2 -1 1
662 -1.5 -0.875 0.765625
663 -0.5 -0.5 0.25
664 -1.5 0.875 0.765625
665 -1.5 -0.875 0.765625
666 -1.25 0.75 0.5625
667 -1 0.75 0.5625
668 -2 1 1
669 -1.5 0.875 0.765625
670 -1.5 0.875 0.765625
671 -0.5 0.125 0.015625
672 -0.5 0.25 0.0625
673 -1.25 0.75 0.5625
674 -1.25 0.75 0.5625
675 -0.25 0.125 0.015625
676 -0 -0.375 0.140625
677 -1 -0.75 0.5625
678 -0.75 -0.375 0.140625
679 -1 -0.625 0.390625
680 -2 -1 1
681 -0 0 0
682 -0.25 -0.375 0.140625
683 -0.5 -0.375 0.140625
684 -0.75 -0.25 0.0625
685 -1.25 -0.75 0.5625
686 -1 0.625 0.390625
687 -0.25 0.25 0.0625
688 -0.75 -0.625 0.390625
689 -1.25 0.75 0.5625
690 -0.25 -0.25 0.0625
691 -0.5 0.375 0.140625
692 -1 0.625 0.390625
693 -2 -1 1
694 -0.75 0.25 0.0625
695 -1.5 -0.875 0.765625
696 -0.25 -0.125 0.015625
697 -0.5 -0.5 0.25
698 -1 -0.625 0.390625
699 -2 1 1
700 -0.25 -0.375 0.140625
701 -0 0.125 0.015625
702 -0.5 -0.125 0.015625
703 0.25 0 0
704 -1.25 0.75 0.5625
705 -0.5 0 0
706 -0.75 -0.5 0.25
707 -1.5 -0.875 0.765625
708 -1.5 -0.875 0.765625
709 -0.75 0.625 0.390625
710 0.25 0.125 0.015625
711 -0.75 -0.5 0.25
712 -0.25 0.25 0.0625
713 -2 -1 1
714 -1 -0.625 0.390625
715 -0.5 0.375 0.140625
716 -1.5 -0.875 0.765625
717 -2 1 1
718 -0.75 -0.625 0.390625
719 -2 -1 1
720 -2 1 1
721 -0.75 -0.5 0.25
722 -0.5 -0.25 0.0625
723 -1.5 -0.875 0.765625
724 -1.25 -0.75 0.5625
725 -1 0.75 0.5625
726 -0.75 0.25 0.0625
727 -0.25 -0.125 0.015625
728 -1.5 0.875 0.765625
729 -0.75 0.625 0.390625
730 -2 -1 1
731 -0.75 -0.625 0.390625
732 -1.25 0.75 0.5625
733 -0.75 0.25 0.0625
734 -2 1 1
735 -1 0.75 0.5625
736 -1.25 0.75 0.5625
737 -1 0.625 0.390625
738 -1 -0.625 0.390625
739 -0.5 0.125 0.015625
740 -1 0.75 0.5625
741 -2 1 1
742 -0.75 0.375 0.140625
743 -2 1 1
744 -1.5 0.875 0.765625
745 -1 -0.75 0.5625
746 -1 0.625 0.390625
747 -1 -0.75 0.5625
748 -1 0.625 0.390625
749 -0.75 -0.375 0.140625
750 -1.25 -0.75 0.5625
751 -1 0.75 0.5625
752 -1 0.625 0.390625
753 -0.5 -0.625 0.390625
754 -2 -1 1
755 -0.75 0.625 0.390625
756 -2 1 1
757 -1.5 0.875 0.765625
758 -1.25 0.75 0.5625
759 -1 -0.75 0.5625
760 -1.5 -0.875 0.765625
761 -0.5 -0.125 0.015625
762 -1.25 -0.75 0.5625
763 -0.75 0.5 0.25
764 -0.75 -0.5 0.25
765 -0.25 -0.125 0.015625
766 -0.5 0.5 0.25
767 -1 -0.75 0.5625
768 -0 -0.125 0.015625
769 -1.25 0.75 0.5625
770 -0 0.125 0.015625
771 -0.25 -0.25 0.0625
772 -2 1 1
773 -1.25 -0.75 0.5625
774 -0.25 -0.125 0.015625
775 -1.5 -0.875 0.765625
776 -0.75 0.5 0.25
777 -1.5 0.875 0.765625
778 -1.25 -0.75 0.5625
779 -1 -0.75 0.5625
780 -2 -1 1
781 -2 1 1
782 -1.25 -0.75 0.5625
783 -1 0 0
784 -1.5 0.875 0.765625
785 -2 -1 1
786 -0.5 0.625 0.390625
787 -0.75 0.375 0.140625
788 -1.5 -0.875 0.765625
789 -1 0.75 0.5625
790 -0.5 0.125 0.015625
791 -1.25 -0.75 0.5625
792 -0.25 0.375 0.140625
793 -0.25 0.125 0.015625
794 -0.5 0.625 0.390625
795 -0.5 0.5 0.25
796 -2 1 1
797 -0.75 -0.625 0.390625
798 -1.5 -0.875 0.765625
799 -2 1 1
800 -1.5 0.875 0.765625
801 -1 0.5 0.25
802 -1.25 0.75 0.5625
803 -2 -1 1
804 -2 -1 1
805 -0.25 0.375 0.140625
806 -2 -1 1
807 -0.75 0.625 0.390625
808 -1.5 0.875 0.765625
809 -1.25 0.75 0.5625
810 -1 -0.625 0.390625
811 -1.25 0.75 0.5625
812 -0.25 -0.125 0.015625
813 -0.5 0 0
814 -1 0.625 0.390625
815 -1.25 0.75 0.5625
816 -1.25 0.75 0.5625
817 -1 -0.625 0.390625
818 -0.75 0.625 0.390625
819 -0.75 0.625 0.390625
820 -0.75 -0.125 0.015625
821 -0.75 -0.625 0.390625
822 -2 1 1
823 -0.5 0.125 0.015625
824 -0 -0.375 0.140625
825 -0.5 0.5 0.25
826 -0.75 -0.375 0.140625
827 -2 1 1
828 -0.5 -0.375 0.140625
829 -0.5 -0.125 0.015625
830 -1.5 0.875 0.765625
831 -0.75 -0.375 0.140625
832 -1.5 0.875 0.765625
833 -0.5 -0.375 0.140625
834 -0.75 -0.5 0.25
835 -1.5 0.875 0.765625
836 -1.5 0.875 0.765625
837 -0.75 -0.5 0.25
838 -1.5 -0.875 0.765625
839 -1 0 0
840 -0.75 -0.5 0.25
841 -1 0.75 0.5625
842 -0.25 0.375 0.140625
843 -0.5 0 0
844 -0.75 -0.625 0.390625
845 -0.5 0.5 0.25
846 0.25 0 0
847 -1 -0.5 0.25
848 -1.5 -0.875 0.765625
849 -2 -1 1
850 -1 -0.75 0.5625
851 -1.5 0.875 0.765625
852 -1 0.625 0.390625
853 -0.25 0.375 0.140625
854 -1 -0.625 0.390625
855 -0.75 -0.5 0.25
856 -1.5 -0.875 0.765625
857 -0.5 0.375 0.140625
858 -2 -1 1
859 -1.5 -0.875 0.765625
860 -1.25 0.75 0.5625
861 -0.75 0.375 0.140625
862 -0.75 0.625 0.390625
863 -0.75 -0.625 0.390625
864 -1.5 -0.875 0.765625
865 -0.5 0.5 0.25
866 -0.25 0.375 0.140625
867 -1 -0.75 0.5625
868 -0 -0.125 0.015625
869 -0.75 0.5 0.25
870 -0.75 0.375 0.140625
871 -0.5 0 0
872 -0 -0.25 0.0625
873 -1.5 -0.875 0.765625
874 -0.5 -0.625 0.390625
875 -0.5 0.375 0.140625
876 -0.5 0.125 0.015625
877 -0.75 0.25 0.0625
878 -0.25 0.375 0.140625
879 -1 -0.75 0.5625
880 -0.5 -0.125 0.015625
881 -0.25 0.375 0.140625
882 -1.5 -0.875 0.765625
883 -0.75 -0.625 0.390625
884 -0.5 0.25 0.0625
885 -0.75 -0.5 0.25
886 -0.75 -0.625 0.390625
887 -1.25 0.75 0.5625
888 -0.5 0.125 0.015625
889 -0.5 -0.25 0.0625
890 -2 1 1
891 -1.5 -0.875 0.765625
892 -0.5 -0.5 0.25
893 -1.5 0.875 0.765625
894 -1.5 -0.875 0.765625
895 -0.5 -0.5 0.25
896 -1.5 0.875 0.765625
897 -0.5 -0.125 0.015625
898 -1 0.625 0.390625
899 -0.75 -0.5 0.25
900 -0.75 0.25 0.0625
901 -1.5 0.875 0.765625
902 -0.5 -0.125 0.015625
903 -0.25 0.125 0.015625
904 -2 -1 1
905 -0.5 -0.125 0.015625
906 -0.75 0.625 0.390625
907 -0.75 0.375 0.140625
908 -1 -0.625 0.390625
909 -0.25 0.125 0.015625
910 -2 -1 1
911 -0.75 -0.25 0.0625
912 -1.5 -0.875 0.765625
913 -1 0.625 0.390625
914 -0.25 0.125 0.015625
915 -0.5 -0.125 0.015625
916 -2 1 1
917 -2 1 1
918 -1.5 0.875 0.765625
919 -0.75 0.375 0.140625
920 -1 -0.75 0.5625
921 -0.75 0.25 0.0625
922 -2 1 1
923 -0.25 0.125 0.015625
924 -0.5 -0.25 0.0625
925 -1 0.625 0.390625
926 -0.5 0 0
927 -2 1 1
928 -0.5 -0.125 0.015625
929 -1.5 -0.875 0.765625
930 -0.5 -0.125 0.015625
931 -1.5 0.875 0.765625
932 -1.5 -0.875 0.765625
933 -0.5 0.5 0.25
934 -0.5 -0.375 0.140625
935 -1.5 -0.875 0.765625
936 -1.5 -0.875 0.765625
937 -1.25 -0.75 0.5625
938 -0.5 -0.5 0.25
939 -2 1 1
940 -0.25 -0.125 0.015625
941 -1.5 0.875 0.765625
942 -1.5 0.875 0.765625
943 -1 -0.625 0.390625
944 -1 -0.625 0.390625
945 -1.25 -0.75 0.5625
946 -1.5 -0.875 0.765625
947 -0.75 -0.625 0.390625
948 -1 0.75 0.5625
949 -0.5 -0.375 0.140625
950 -0.5 -0.375 0.140625
951 -1 -0.75 0.5625
952 -1 -0.625 0.390625
953 -0.75 0.625 0.390625
954 -1.25 0.75 0.5625
955 -2 1 1
956 -0 -0.125 0.015625
957 -0.25 0.375 0.140625
958 -0 -0.125 0.015625
959 -2 -1 1
960 -1.5 -0.875 0.765625
961 -0.5 0.5 0.25
962 -2 1 1
963 -0 -0.375 0.140625
964 -0.75 0.625 0.390625
965 -1 0.75 0.5625
966 -0.5 0 0
967 -0.5 0 0
968 -0.75 0.125 0.015625
969 -0.5 -0.125 0.015625
970 -1 0.625 0.390625
971 -0.25 -0.125 0.015625
972 -1 0.75 0.5625
973 -1.25 0.75 0.5625
974 -1.5 0.875 0.765625
975 -0.75 -0.625 0.390625
976 -0.75 -0.5 0.25
977 -1.5 -0.875 0.765625
978 -1.25 0.75 0.5625
979 -0.5 0.5 0.25
980 -1.5 -0.875 0.765625
981 -1.5 0.875 0.765625
982 -0.75 -0.125 0.015625
983 -0.25 -0.5 0.25
984 -2 1 1
985 -1.25 -0.75 0.5625
986 -1.5 0.875 0.765625
987 -0.5 0.375 0.140625
988 -0.25 0 0
989 -0.5 -0.125 0.015625
990 -1.5 -0.875 0.765625
991 -2 -1 1
992 -1.5 0.875 0.765625
993 -0.25 0.375 0.140625
994 -0.75 -0.25 0.0625
995 -0.5 0.5 0.25
996 -0 -0.125 0.015625
997 -1.5 0.875 0.765625
998 -0.5 0.5 0.25
999 -0.25 0.375 0.140625
1000 -2 1 1
